1 0.000000
2 0.000000
3 0.000000
4 0.000000
5 0.070000
6 0.070000
7 0.310000
8 0.170000
9 0.070000
10 0.000000
11 0.000000
12 0.000000
13 0.000000
14 0.000000
15 0.000000
16 0.000000
17 0.000000
18 0.000000
19 0.000000
20 0.000000
21 0.000000
22 0.000000
23 0.000000
24 0.000000
25 0.000000
26 0.000000
27 0.000000
28 0.210000
29 0.000000
30 0.000000
31 0.000000
32 0.000000
33 0.000000
34 0.000000
35 0.000000
36 0.000000
37 0.000000
38 0.000000
39 0.000000
40 0.000000
41 0.000000
42 0.000000
43 0.000000
44 0.000000
45 0.000000
46 0.000000
47 0.000000
48 0.000000
49 0.000000
50 0.000000
51 8.820000
52 70.160000
53 94.070000
54 94.370000
55 94.150000
56 93.720000
57 93.820000
58 96.100000
59 97.150000
60 97.150000
61 96.930000
62 93.760000
63 85.770000
64 91.000000
65 74.320000
66 54.780000
67 55.170000
68 46.490000
69 48.050000
70 47.960000
71 27.500000
72 28.550000
73 24.910000
74 20.750000
75 25.500000
76 22.900000
77 10.230000
78 0.540000
79 0.000000
80 0.000000
81 0.000000
82 0.000000
83 0.000000
84 0.000000
85 0.380000
86 24.610000
87 26.960000
88 15.200000
89 1.740000
90 1.220000
91 1.220000
92 1.220000
93 1.220000
94 0.000000
95 0.000000
96 0.000000
97 0.000000
98 0.000000
99 0.000000
100 0.000000
101 0.000000
102 0.000000
103 0.000000
104 0.000000
105 0.000000
106 0.000000
107 0.000000
108 0.000000
109 0.000000
110 0.000000
111 0.000000
112 0.000000
113 0.000000
114 0.000000
115 0.000000
116 0.000000
117 0.000000
118 0.000000
119 0.000000
120 0.000000
121 0.000000
122 0.000000
123 0.000000
124 0.000000
125 0.000000
126 0.000000
127 0.000000
128 0.000000
129 0.000000
130 0.000000
131 0.000000
132 0.000000
133 0.000000
134 0.000000
135 0.000000
136 0.000000
137 0.000000
138 0.000000
139 0.000000
140 0.000000
141 0.000000
142 0.000000
143 0.000000
144 0.000000
145 0.000000
146 0.000000
147 0.000000
148 0.000000
149 0.000000
150 0.000000
151 0.000000
152 0.000000
