1 0.060000 0.000000 0.030000 0.000000 0.000000 0.000000 
2 0.190000 0.000000 0.030000 0.000000 0.000000 0.000000 
3 0.110000 0.000000 0.020000 0.000000 0.000000 0.000000 
4 0.310000 0.000000 0.020000 0.000000 0.000000 0.000000 
5 0.410000 0.190000 0.030000 0.000000 0.000000 0.070000 
6 0.390000 0.190000 0.480000 0.010000 0.010000 0.070000 
7 0.700000 0.190000 0.290000 0.010000 0.010000 0.310000 
8 0.700000 0.110000 0.290000 0.000000 0.000000 0.170000 
9 0.690000 0.170000 0.290000 0.000000 0.000000 0.070000 
10 0.800000 0.160000 0.220000 0.000000 0.000000 0.000000 
11 0.550000 0.130000 0.310000 0.000000 0.000000 0.000000 
12 0.520000 0.090000 0.310000 0.000000 0.000000 0.000000 
13 0.480000 0.040000 0.300000 0.000000 0.000000 0.000000 
14 0.440000 0.040000 0.200000 0.000000 0.000000 0.000000 
15 0.370000 0.020000 0.090000 0.000000 0.000000 0.000000 
16 0.350000 0.010000 0.040000 0.000000 0.000000 0.000000 
17 0.350000 0.010000 0.040000 0.000000 0.000000 0.000000 
18 0.340000 0.010000 0.010000 0.000000 0.000000 0.000000 
19 0.350000 0.010000 0.010000 0.000000 0.000000 0.000000 
20 0.820000 0.090000 0.060000 0.000000 0.000000 0.000000 
21 0.640000 0.070000 0.060000 0.000000 0.000000 0.000000 
22 0.500000 0.060000 0.000000 0.000000 0.000000 0.000000 
23 0.500000 0.080000 0.000000 0.000000 0.000000 0.000000 
24 0.490000 0.120000 0.010000 0.000000 0.000000 0.000000 
25 0.790000 0.300000 0.060000 0.000000 0.000000 0.000000 
26 0.760000 0.390000 0.060000 0.000000 0.000000 0.000000 
27 0.870000 0.370000 0.100000 0.000000 0.000000 0.000000 
28 1.890000 1.070000 1.070000 0.040000 0.550000 0.210000 
29 0.860000 0.150000 0.210000 0.000000 0.280000 0.000000 
30 0.740000 0.090000 0.170000 0.000000 0.250000 0.000000 
31 0.780000 0.030000 0.180000 0.000000 0.250000 0.000000 
32 0.580000 0.010000 0.050000 0.000000 0.040000 0.000000 
33 0.500000 0.010000 0.050000 0.000000 0.040000 0.000000 
34 0.470000 0.000000 0.020000 0.000000 0.000000 0.000000 
35 0.500000 0.000000 0.010000 0.000000 0.000000 0.000000 
36 0.460000 0.000000 0.010000 0.000000 0.000000 0.000000 
37 0.440000 0.000000 0.010000 0.000000 0.000000 0.000000 
38 0.910000 0.050000 0.030000 0.000000 0.000000 0.000000 
39 0.920000 0.040000 0.050000 0.000000 0.000000 0.000000 
40 0.840000 0.010000 0.050000 0.000000 0.000000 0.000000 
41 0.900000 0.260000 0.120000 0.000000 0.130000 0.000000 
42 1.090000 0.210000 1.030000 0.000000 0.130000 0.000000 
43 1.430000 0.810000 1.110000 0.000000 0.350000 0.000000 
44 1.380000 1.100000 1.360000 0.000000 0.850000 0.000000 
45 1.650000 0.760000 3.460000 0.000000 0.910000 0.000000 
46 1.360000 0.530000 2.030000 0.000000 0.910000 0.000000 
47 1.290000 0.390000 1.920000 0.000000 0.700000 0.000000 
48 1.270000 0.710000 2.370000 0.000000 0.490000 0.000000 
49 1.300000 0.570000 3.660000 0.000000 0.540000 0.000000 
50 1.830000 2.320000 4.720000 0.000000 0.540000 0.000000 
51 1.940000 3.150000 8.700000 0.570000 0.950000 8.820000 
52 3.040000 3.950000 5.360000 5.940000 0.930000 70.160000 
53 4.040000 7.740000 8.390000 12.930000 1.910000 94.070000 
54 4.750000 8.330000 13.320000 16.190000 1.720000 94.370000 
55 5.070000 10.010000 14.100000 16.420000 1.850000 94.150000 
56 6.590000 13.620000 17.610000 22.310000 2.880000 93.720000 
57 5.190000 16.550000 21.300000 27.000000 2.740000 93.820000 
58 6.020000 18.280000 19.190000 26.140000 4.790000 96.100000 
59 7.090000 17.390000 22.650000 35.720000 5.300000 97.150000 
60 5.520000 12.500000 18.680000 26.420000 2.440000 97.150000 
61 5.620000 11.090000 19.290000 24.250000 2.570000 96.930000 
62 4.350000 10.840000 16.860000 21.040000 2.010000 93.760000 
63 3.980000 10.080000 15.610000 18.150000 1.250000 85.770000 
64 4.200000 10.190000 15.400000 23.860000 1.400000 91.000000 
65 3.880000 9.800000 16.110000 18.850000 1.440000 74.320000 
66 3.380000 9.610000 13.360000 11.440000 1.360000 54.780000 
67 2.960000 7.940000 11.570000 10.190000 1.530000 55.170000 
68 2.770000 7.510000 11.110000 10.740000 1.450000 46.490000 
69 2.670000 6.410000 11.590000 10.100000 1.430000 48.050000 
70 3.370000 5.930000 10.460000 8.070000 1.430000 47.960000 
71 5.030000 7.370000 12.350000 6.670000 1.400000 27.500000 
72 4.710000 9.410000 13.520000 5.840000 1.980000 28.550000 
73 3.120000 7.870000 12.710000 4.770000 1.410000 24.910000 
74 2.800000 8.150000 13.780000 3.480000 1.410000 20.750000 
75 2.610000 7.620000 11.140000 3.530000 1.340000 25.500000 
76 2.310000 5.370000 9.970000 3.820000 1.390000 22.900000 
77 1.930000 4.510000 9.130000 2.470000 1.350000 10.230000 
78 1.790000 2.600000 6.690000 0.680000 1.190000 0.540000 
79 1.670000 2.620000 5.880000 0.050000 1.070000 0.000000 
80 2.270000 2.680000 6.040000 0.080000 0.840000 0.000000 
81 2.310000 2.880000 5.720000 0.000000 0.840000 0.000000 
82 2.670000 2.720000 9.970000 0.000000 0.840000 0.000000 
83 2.130000 3.020000 7.690000 0.000000 0.580000 0.000000 
84 2.160000 2.980000 8.160000 0.000000 0.910000 0.000000 
85 2.210000 4.490000 10.850000 0.000000 0.910000 0.380000 
86 2.640000 5.330000 12.110000 0.410000 0.910000 24.610000 
87 11.950000 10.880000 20.030000 3.310000 2.320000 26.960000 
88 4.190000 10.090000 18.930000 0.390000 1.200000 15.200000 
89 3.270000 7.400000 12.660000 0.440000 1.140000 1.740000 
90 3.700000 8.810000 11.360000 0.000000 0.720000 1.220000 
91 2.760000 7.730000 10.010000 0.000000 0.620000 1.220000 
92 3.770000 9.710000 15.950000 0.110000 0.590000 1.220000 
93 2.480000 6.030000 10.860000 0.000000 0.570000 1.220000 
94 2.020000 5.110000 9.970000 0.000000 0.450000 0.000000 
95 1.870000 5.360000 8.070000 0.000000 0.370000 0.000000 
96 1.740000 3.610000 7.840000 0.000000 0.360000 0.000000 
97 3.990000 7.740000 11.670000 0.000000 0.360000 0.000000 
98 5.090000 6.560000 12.110000 0.000000 0.360000 0.000000 
99 3.050000 3.790000 9.420000 0.000000 0.070000 0.000000 
100 2.390000 3.010000 7.990000 0.000000 0.040000 0.000000 
101 2.090000 4.980000 7.730000 0.000000 0.040000 0.000000 
102 1.850000 2.830000 5.760000 0.000000 0.040000 0.000000 
103 1.800000 1.740000 5.770000 0.000000 0.000000 0.000000 
104 1.550000 1.820000 5.140000 0.000000 0.000000 0.000000 
105 1.400000 0.570000 4.090000 0.000000 0.000000 0.000000 
106 1.490000 0.440000 3.680000 0.000000 0.000000 0.000000 
107 1.270000 0.110000 3.270000 0.000000 0.000000 0.000000 
108 1.260000 0.110000 3.040000 0.000000 0.000000 0.000000 
109 1.260000 0.100000 2.920000 0.000000 0.000000 0.000000 
110 1.250000 0.090000 2.910000 0.000000 0.000000 0.000000 
111 1.200000 0.070000 2.620000 0.000000 0.000000 0.000000 
112 1.210000 0.040000 2.360000 0.000000 0.000000 0.000000 
113 1.090000 0.010000 2.480000 0.000000 0.000000 0.000000 
114 0.960000 0.000000 1.160000 0.000000 0.000000 0.000000 
115 0.960000 0.000000 1.060000 0.000000 0.000000 0.000000 
116 0.970000 0.000000 0.860000 0.000000 0.000000 0.000000 
117 1.690000 0.000000 0.860000 0.000000 0.000000 0.000000 
118 2.290000 0.070000 1.350000 0.000000 0.000000 0.000000 
119 1.510000 0.000000 1.240000 0.000000 0.000000 0.000000 
120 2.190000 0.000000 1.450000 0.000000 0.000000 0.000000 
121 1.350000 0.000000 0.780000 0.000000 0.000000 0.000000 
122 1.130000 0.000000 0.550000 0.000000 0.000000 0.000000 
123 1.180000 0.000000 0.540000 0.000000 0.000000 0.000000 
124 1.400000 0.000000 0.420000 0.000000 0.000000 0.000000 
125 1.170000 0.000000 0.360000 0.000000 0.000000 0.000000 
126 1.000000 0.000000 0.360000 0.000000 0.000000 0.000000 
127 0.940000 0.000000 0.370000 0.000000 0.000000 0.000000 
128 0.910000 0.000000 0.310000 0.000000 0.000000 0.000000 
129 0.900000 0.000000 0.230000 0.000000 0.000000 0.000000 
130 0.970000 0.000000 0.020000 0.000000 0.000000 0.000000 
131 0.920000 0.000000 0.020000 0.000000 0.000000 0.000000 
132 0.820000 0.000000 0.000000 0.000000 0.000000 0.000000 
133 0.840000 0.000000 0.000000 0.000000 0.000000 0.000000 
134 0.850000 0.000000 0.000000 0.000000 0.000000 0.000000 
135 0.810000 0.000000 0.000000 0.000000 0.000000 0.000000 
136 0.750000 0.000000 0.000000 0.000000 0.000000 0.000000 
137 0.740000 0.000000 0.000000 0.000000 0.000000 0.000000 
138 0.750000 0.000000 0.000000 0.000000 0.000000 0.000000 
139 0.800000 0.000000 0.000000 0.000000 0.000000 0.000000 
140 0.500000 0.000000 0.000000 0.000000 0.000000 0.000000 
141 0.610000 0.000000 0.000000 0.000000 0.000000 0.000000 
142 0.660000 0.000000 0.000000 0.000000 0.000000 0.000000 
143 0.330000 0.000000 0.000000 0.000000 0.000000 0.000000 
144 0.120000 0.000000 0.000000 0.000000 0.000000 0.000000 
145 0.100000 0.000000 0.000000 0.000000 0.000000 0.000000 
146 0.120000 0.000000 0.000000 0.000000 0.000000 0.000000 
147 0.030000 0.000000 0.000000 0.000000 0.000000 0.000000 
148 0.000000 0.000000 0.000000 0.000000 0.000000 0.000000 
149 0.000000 0.000000 0.000000 0.000000 0.000000 0.000000 
150 0.000000 0.000000 0.000000 0.000000 0.000000 0.000000 
151 0.000000 0.000000 0.000000 0.000000 0.000000 0.000000 
152 0.000000 0.000000 0.000000 0.000000 0.000000 0.000000 
