1 0.000000
2 0.000000
3 0.000000
4 0.000000
5 0.000000
6 0.010000
7 0.010000
8 0.000000
9 0.000000
10 0.000000
11 0.000000
12 0.000000
13 0.000000
14 0.000000
15 0.000000
16 0.000000
17 0.000000
18 0.000000
19 0.000000
20 0.000000
21 0.000000
22 0.000000
23 0.000000
24 0.000000
25 0.000000
26 0.000000
27 0.000000
28 0.040000
29 0.000000
30 0.000000
31 0.000000
32 0.000000
33 0.000000
34 0.000000
35 0.000000
36 0.000000
37 0.000000
38 0.000000
39 0.000000
40 0.000000
41 0.000000
42 0.000000
43 0.000000
44 0.000000
45 0.000000
46 0.000000
47 0.000000
48 0.000000
49 0.000000
50 0.000000
51 0.570000
52 5.940000
53 12.930000
54 16.190000
55 16.420000
56 22.310000
57 27.000000
58 26.140000
59 35.720000
60 26.420000
61 24.250000
62 21.040000
63 18.150000
64 23.860000
65 18.850000
66 11.440000
67 10.190000
68 10.740000
69 10.100000
70 8.070000
71 6.670000
72 5.840000
73 4.770000
74 3.480000
75 3.530000
76 3.820000
77 2.470000
78 0.680000
79 0.050000
80 0.080000
81 0.000000
82 0.000000
83 0.000000
84 0.000000
85 0.000000
86 0.410000
87 3.310000
88 0.390000
89 0.440000
90 0.000000
91 0.000000
92 0.110000
93 0.000000
94 0.000000
95 0.000000
96 0.000000
97 0.000000
98 0.000000
99 0.000000
100 0.000000
101 0.000000
102 0.000000
103 0.000000
104 0.000000
105 0.000000
106 0.000000
107 0.000000
108 0.000000
109 0.000000
110 0.000000
111 0.000000
112 0.000000
113 0.000000
114 0.000000
115 0.000000
116 0.000000
117 0.000000
118 0.000000
119 0.000000
120 0.000000
121 0.000000
122 0.000000
123 0.000000
124 0.000000
125 0.000000
126 0.000000
127 0.000000
128 0.000000
129 0.000000
130 0.000000
131 0.000000
132 0.000000
133 0.000000
134 0.000000
135 0.000000
136 0.000000
137 0.000000
138 0.000000
139 0.000000
140 0.000000
141 0.000000
142 0.000000
143 0.000000
144 0.000000
145 0.000000
146 0.000000
147 0.000000
148 0.000000
149 0.000000
150 0.000000
151 0.000000
152 0.000000
