1 0.000000 0.000000 0.000000
2 0.000000 0.000000 0.000000
3 0.000000 0.000000 0.000000
4 0.000000 0.070000 0.000000
5 0.000000 0.140000 0.000000
6 0.000000 0.100000 0.010000
7 0.000000 0.090000 0.010000
8 0.000000 0.090000 0.000000
9 0.000000 0.000000 0.000000
10 0.000000 0.000000 0.000000
11 0.000000 0.000000 0.000000
12 0.000000 0.000000 0.000000
13 0.000000 0.000000 0.000000
14 0.000000 0.000000 0.000000
15 0.000000 0.000000 0.000000
16 0.000000 0.000000 0.000000
17 0.000000 0.000000 0.000000
18 0.000000 0.000000 0.000000
19 0.000000 0.000000 0.000000
20 0.000000 0.000000 0.000000
21 0.000000 0.000000 0.000000
22 0.000000 0.000000 0.000000
23 0.000000 0.000000 0.000000
24 0.000000 0.000000 0.000000
25 0.000000 0.000000 0.000000
26 0.000000 0.000000 0.000000
27 0.000000 0.000000 0.000000
28 0.000000 0.000000 0.040000
29 0.070000 0.000000 0.000000
30 0.000000 0.000000 0.000000
31 0.000000 0.000000 0.000000
32 0.000000 0.360000 0.000000
33 0.000000 0.410000 0.000000
34 0.000000 0.510000 0.000000
35 0.000000 0.480000 0.000000
36 0.000000 6.510000 0.000000
37 0.000000 19.350000 0.000000
38 0.000000 23.250000 0.000000
39 0.000000 22.550000 0.000000
40 0.000000 21.020000 0.000000
41 0.000000 12.950000 0.000000
42 0.130000 11.510000 0.000000
43 3.360000 11.590000 0.000000
44 6.640000 11.630000 0.000000
45 6.680000 10.400000 0.000000
46 5.260000 10.220000 0.000000
47 13.700000 10.460000 0.000000
48 13.050000 8.740000 0.000000
49 13.490000 5.180000 0.000000
50 12.590000 4.110000 0.000000
51 14.400000 4.430000 0.570000
52 18.630000 4.140000 5.940000
53 19.100000 3.650000 12.930000
54 18.510000 3.350000 16.190000
55 14.630000 3.350000 16.420000
56 22.190000 2.060000 22.310000
57 33.390000 3.320000 27.000000
58 34.400000 10.060000 26.140000
59 37.380000 9.650000 35.720000
60 40.560000 4.880000 26.420000
61 44.930000 3.110000 24.250000
62 56.570000 2.870000 21.040000
63 61.430000 2.060000 18.150000
64 54.640000 1.850000 23.860000
65 77.540000 0.300000 18.850000
66 87.330000 0.290000 11.440000
67 93.760000 0.100000 10.190000
68 89.580000 0.060000 10.740000
69 74.330000 0.070000 10.100000
70 62.320000 0.310000 8.070000
71 76.370000 0.080000 6.670000
72 90.410000 0.120000 5.840000
73 81.680000 0.320000 4.770000
74 78.820000 7.090000 3.480000
75 75.590000 11.450000 3.530000
76 68.440000 21.240000 3.820000
77 68.490000 20.140000 2.470000
78 62.640000 37.070000 0.680000
79 55.110000 40.180000 0.050000
80 70.900000 27.510000 0.080000
81 82.280000 20.970000 0.000000
82 92.850000 14.290000 0.000000
83 84.920000 13.820000 0.000000
84 77.050000 10.250000 0.000000
85 89.690000 2.670000 0.000000
86 72.850000 0.600000 0.410000
87 80.650000 0.600000 3.310000
88 70.670000 0.700000 0.390000
89 70.630000 0.090000 0.440000
90 62.200000 0.100000 0.000000
91 65.360000 0.390000 0.000000
92 74.560000 0.150000 0.110000
93 80.450000 0.000000 0.000000
94 70.790000 0.000000 0.000000
95 75.360000 0.000000 0.000000
96 72.960000 0.000000 0.000000
97 74.880000 0.000000 0.000000
98 73.390000 0.000000 0.000000
99 65.930000 0.000000 0.000000
100 61.730000 0.000000 0.000000
101 51.950000 0.000000 0.000000
102 37.950000 0.000000 0.000000
103 19.160000 0.000000 0.000000
104 16.360000 0.000000 0.000000
105 17.420000 0.000000 0.000000
106 49.200000 0.000000 0.000000
107 10.120000 0.000000 0.000000
108 7.980000 0.000000 0.000000
109 12.220000 0.000000 0.000000
110 10.460000 0.000000 0.000000
111 9.680000 0.000000 0.000000
112 9.200000 0.000000 0.000000
113 7.730000 0.000000 0.000000
114 7.570000 0.000000 0.000000
115 6.500000 0.000000 0.000000
116 1.820000 0.000000 0.000000
117 1.260000 0.000000 0.000000
118 2.250000 0.000000 0.000000
119 1.910000 0.000000 0.000000
120 1.850000 0.000000 0.000000
121 0.530000 0.000000 0.000000
122 0.430000 0.000000 0.000000
123 0.420000 0.000000 0.000000
124 0.350000 0.000000 0.000000
125 0.330000 0.000000 0.000000
126 0.330000 0.000000 0.000000
127 0.330000 0.000000 0.000000
128 0.330000 0.000000 0.000000
129 0.330000 0.000000 0.000000
130 0.210000 0.000000 0.000000
131 0.210000 0.000000 0.000000
132 0.180000 0.000000 0.000000
133 0.180000 0.000000 0.000000
134 0.000000 0.000000 0.000000
135 0.000000 0.000000 0.000000
136 0.000000 0.000000 0.000000
137 0.000000 0.000000 0.000000
138 0.000000 0.000000 0.000000
139 0.000000 0.000000 0.000000
140 0.000000 0.000000 0.000000
141 0.000000 0.000000 0.000000
142 0.000000 0.000000 0.000000
143 0.000000 0.000000 0.000000
144 0.000000 0.000000 0.000000
145 0.000000 0.000000 0.000000
146 0.000000 0.000000 0.000000
147 0.000000 0.000000 0.000000
148 0.000000 0.000000 0.000000
149 0.000000 0.000000 0.000000
150 0.000000 0.000000 0.000000
151 0.000000 0.000000 0.000000
152 0.000000 0.000000 0.000000
153 0.000000 0.000000 0.000000
154 0.000000 0.000000 0.000000
155 0.000000 0.000000 0.000000
156 0.000000 0.000000 0.000000
157 0.000000 0.000000 0.000000
158 0.000000 0.000000 0.000000
159 0.000000 0.000000 0.000000
160 0.000000 0.000000 0.000000
161 0.000000 0.000000 0.000000
162 0.000000 0.000000 0.000000
163 0.000000 0.000000 0.000000
164 0.000000 0.000000 0.000000
165 0.000000 0.000000 0.000000
166 0.000000 0.000000 0.000000
167 0.000000 0.000000 0.000000
168 0.000000 0.000000 0.000000
169 0.000000 0.000000 0.000000
170 0.000000 0.000000 0.000000
171 0.000000 0.000000 0.000000
172 0.000000 0.000000 0.000000
173 0.000000 0.000000 0.000000
174 0.000000 0.000000 0.000000
175 0.000000 0.000000 0.000000
176 0.000000 0.000000 0.000000
177 0.000000 0.000000 0.000000
178 0.000000 0.000000 0.000000
179 0.000000 0.000000 0.000000
180 0.000000 0.000000 0.000000
181 0.000000 0.000000 0.000000
182 0.000000 0.000000 0.000000
183 0.000000 0.000000 0.000000
184 0.000000 0.000000 0.000000
185 0.000000 0.000000 0.000000
