                Great Lakes Average Ice Concentration

------------------------------------------------------------------
                       Ice Concentration (%)
 
Year Day    Sup.   Mich.   Huron    Erie    Ont.  St.Clr  GL Total
------------------------------------------------------------------

2021 330    0.01    0.00    0.00    0.00    0.00    0.00    0.00
2021 331    0.17    0.00    0.00    0.00    0.00    0.00    0.06
2021 332    0.12    0.00    0.00    0.00    0.00    0.00    0.04
2021 333    0.13    0.00    0.02    0.00    0.00    0.00    0.05
2021 334    0.21    0.00    0.02    0.00    0.00    0.00    0.08
2021 335    0.23    0.00    0.02    0.00    0.00    0.00    0.09
2021 336    0.13    0.00    0.02    0.00    0.00    0.00    0.05
2021 337    0.16    0.00    0.02    0.00    0.00    0.00    0.06
2021 338    0.38    0.02    0.02    0.00    0.00    0.00    0.15
2021 339    0.53    0.19    0.01    0.00    0.00    0.00    0.24
2021 340    0.51    0.42    0.01    0.00    0.00    0.00    0.29
2021 341    0.60    0.03    0.14    0.00    0.00    0.00    0.26
2021 342    0.88    0.62    0.36    0.00    0.00    0.00    0.55
2021 343    0.85    0.39    0.41    0.00    0.00    0.00    0.50
2021 344    0.96    0.39    0.41    0.00    0.00    0.00    0.53
2021 345    1.02    0.39    0.80    0.00    0.00    0.00    0.65
2021 346    1.06    0.42    0.86    0.00    0.00    0.00    0.69
2021 347    1.05    0.41    2.13    0.00    0.00    0.00    0.99
2021 348    0.97    0.41    0.72    0.00    0.00    0.00    0.62
2021 349    0.92    0.38    0.16    0.00    0.00    0.00    0.46
2021 350    0.79    0.07    0.05    0.00    0.00    0.00    0.32
2021 351    0.72    0.04    0.05    0.00    0.00    0.00    0.29
2021 352    0.76    0.13    0.06    0.00    0.00    0.00    0.32
2021 353    0.74    0.17    0.06    0.00    0.00    0.00    0.32
2021 354    0.94    0.23    0.54    0.00    0.00    0.00    0.52
2021 355    1.03    0.88    0.25    0.00    0.00    0.00    0.64
2021 356    1.31    0.90    0.30    0.00    0.01    0.00    0.75
2021 357    1.46    1.17    1.53    0.00    0.03    0.80    1.17
2021 358    1.64    1.63    2.42    0.07    0.65    1.74    1.61
2021 359    1.57    1.72    1.89    0.00    0.65    1.74    1.46
2021 360    1.42    1.82    2.05    0.00    0.37    0.00    1.45
2021 361    1.42    1.68    2.01    0.00    0.37    0.00    1.40
2021 362    1.45    1.54    1.86    0.00    0.38    0.00    1.35
2021 363    1.39    1.53    1.85    0.00    0.38    0.00    1.32
2021 364    2.11    2.48    1.71    0.00    0.37    0.00    1.77
2021 365    2.12    2.65    2.52    0.00    0.37    0.00    2.00
2022 001    2.20    3.23    2.52    0.00    2.92    0.00    2.35
2022 002    2.21    3.43    2.89    0.00    1.02    0.00    2.34
2022 003    4.39    7.31    7.81    0.00    0.71    0.00    5.17
2022 004    3.51    3.26    6.04    0.00    0.70    2.43    3.52
2022 005    2.75    3.76    6.09    0.00    1.48    2.43    3.42
2022 006    2.40    5.33    7.29    0.13    1.65   10.73    3.99
2022 007    4.44    9.14   11.96    3.36    0.85   58.37    7.14
2022 008    6.80   10.35   16.49    6.64    1.96   81.84    9.83
2022 009    3.36    6.60   13.99    6.68    1.30   81.84    7.09
2022 010    3.37    8.38   11.29    5.26    2.45   85.91    6.82
2022 011    7.08   15.22   22.67   13.70    4.32   90.00   13.37
2022 012    5.94   10.40   14.02   13.05    3.03   90.00    9.65
2022 013    6.91   13.29   16.68   13.49    2.18   90.00   11.27
2022 014    5.54   13.35   21.50   12.59    2.20   60.42   11.73
2022 015    9.53   14.18   25.56   14.40    4.01   72.87   14.70
2022 016    8.09   13.71   26.96   18.63    8.40   89.63   15.18
2022 017    5.31   14.82   26.82   19.10    6.75   83.85   14.28
2022 018    6.48   16.79   26.68   18.51    4.25   86.57   14.89
2022 019    5.78   12.50   19.32   14.63    3.87   66.57   11.45
2022 020    8.28   15.47   29.70   22.19    3.36   84.17   16.24
2022 021   12.53   20.21   36.34   33.39    8.09   93.01   21.88
2022 022   13.76   17.30   33.75   34.40   18.13   93.50   21.89
2022 023    9.54   19.29   33.10   37.38    7.69   95.00   20.16
2022 024   11.29   20.38   33.94   40.56   11.37   95.00   21.81
2022 025   12.83   20.55   37.57   44.93    8.98   95.00   23.51
2022 026   17.28   24.48   48.56   56.57   17.03   95.00   30.32
2022 027   11.08   21.26   30.70   61.43   18.28   95.00   23.62
2022 028   13.83   26.97   41.44   54.64   11.84   96.66   27.37
2022 029   17.94   32.02   50.73   77.54   20.65   96.66   35.02
2022 030   24.22   33.35   50.51   87.33   27.87   96.66   39.01
2022 031   24.97   30.67   53.52   93.76   27.49   99.16   39.98
2022 032   19.50   24.78   39.71   89.58   22.36   98.97   32.59
2022 033   10.31   13.93   33.24   74.33    9.88   98.97   22.90
2022 034   16.40   24.35   31.04   62.32    9.72   98.13   25.81
2022 035   26.94   24.15   45.75   76.37   10.42   99.59   34.50
2022 036   36.64   29.08   58.11   90.41   24.08   99.04   44.42
2022 037   34.34   24.36   55.24   81.68   29.43   97.54   41.40
2022 038   18.33   17.63   37.83   78.82   20.36   97.55   28.94
2022 039   25.73   26.72   37.93   75.59   10.44   97.45   32.69
2022 040   25.40   17.51   38.20   68.44    8.57   97.45   29.75
2022 041   15.93   14.20   35.16   68.49    6.88   97.45   24.70
2022 042   19.83   13.24   26.54   62.64    6.72   97.45   23.29
2022 043   18.40   16.74   30.54   55.11    6.29   97.45   23.78
2022 044   37.95   30.36   54.76   70.90   13.86   97.45   41.80
2022 045   45.68   37.47   60.56   82.28   22.90   97.45   49.34
2022 046   43.62   37.44   62.39   92.85   21.51   99.32   49.91
2022 047   37.69   23.64   47.26   84.92   14.35   99.45   39.76
2022 048   32.43   17.59   40.37   77.05    6.17   99.42   33.49
2022 049   41.48   27.06   48.56   89.69    6.98   97.67   42.13
2022 050   36.16   25.97   46.91   72.85    7.77   94.87   38.01
2022 051   35.84   23.75   51.76   80.65    6.93   93.39   39.22
2022 052   30.65   21.99   39.94   70.67    5.62   87.65   33.05
2022 053   38.94   25.50   42.04   70.63    9.12   87.58   37.62
2022 054   41.01   28.03   53.25   62.20    8.85   85.43   40.80
2022 055   53.67   28.20   65.85   65.36   11.85   95.46   49.03
2022 056   63.87   29.79   65.74   74.56   15.99   91.10   54.24
2022 057   63.14   33.11   67.23   80.45   22.63   91.17   56.11
2022 058   43.49   19.91   43.92   70.79    9.37   69.20   38.44
2022 059   48.35   19.45   45.66   75.36    7.79   94.67   40.93
2022 060   59.02   18.05   57.69   72.96   18.77   94.85   47.96
2022 061   55.20   19.83   56.91   74.88   14.19   88.28   46.60
2022 062   64.15   24.24   59.95   73.39   13.13   80.79   51.35
2022 063   62.21   21.63   60.04   65.93   10.12   82.20   49.16
2022 064   63.38   24.10   56.97   61.73   11.33   76.82   49.08
2022 065   55.32   18.09   49.88   51.95    9.29   76.82   42.03
2022 066   51.57   17.49   37.35   37.95    7.88   72.28   36.10
2022 067   54.04   17.36   42.12   19.16    6.45   47.97   36.15
2022 068   45.74   15.18   32.39   16.36    5.38   45.62   29.96
2022 069   53.03   16.30   32.65   17.42    5.45   40.43   33.02
2022 070   57.88   17.15   36.96   49.20    5.13   43.53   38.98
2022 071   59.28   15.18   36.86   10.12    5.81   45.86   35.42
2022 072   60.82   15.22   39.06    7.98    5.99   76.88   36.45
2022 073   71.55   19.68   44.57   12.22    5.10   77.27   43.02
2022 074   79.55   22.42   54.00   10.46    5.31   61.52   48.60
2022 075   70.25   19.83   47.94    9.68    5.66   61.52   43.12
2022 076   63.77   15.83   38.12    9.20    6.15   50.08   37.46
2022 077   54.29   15.52   32.34    7.73    5.88   34.46   32.33
2022 078   52.25   14.62   29.92    7.57    5.05   10.52   30.64
2022 079   48.78   14.64   25.16    6.50    5.70    0.00   28.15
2022 080   49.36   14.18   23.25    1.82    3.37    0.00   27.19
2022 081   43.89   14.19   23.22    1.26    3.50    0.00   25.14
2022 082   34.65   12.77   23.43    2.25    3.40    0.00   21.59
2022 083   31.34   12.03   20.66    1.91    3.90    0.00   19.55
2022 084   36.10   11.78   20.45    1.85    1.94    0.00   21.04
2022 085   22.23    9.52   16.27    0.53    1.35    0.00   14.30
2022 086   23.02   10.90   15.60    0.43    1.47    0.00   14.73
2022 087   23.96   10.33   18.21    0.42    1.29    0.00   15.56
2022 088   37.13   14.88   18.91    0.35    0.95    0.00   21.53
2022 089   27.63   10.74   17.86    0.33    0.99    0.00   16.88
2022 090   24.58   12.17   16.59    0.33    0.53    0.00   15.75
2022 091   24.54   10.32   16.75    0.33    0.44    0.00   15.35
2022 092   23.01   10.87   16.56    0.33    0.44    0.00   14.87
2022 093   19.88    8.59   17.49    0.33    0.44    0.00   13.43
2022 094   15.42    7.21   14.88    0.21    0.30    0.00   10.85
2022 095   17.44    7.49   13.27    0.21    0.22    0.00   11.26
2022 096   18.61    7.97   13.42    0.18    0.00    0.00   11.81
2022 097   17.48    6.84   12.28    0.18    0.00    0.00   10.87
2022 098   13.29    6.59   11.78    0.00    0.00    0.00    9.15
2022 099   10.63    5.33   11.69    0.00    0.00    0.00    7.87
2022 100    9.70    4.31    9.76    0.00    0.00    0.00    6.84
2022 101   11.67    5.49    9.36    0.00    0.00    0.00    7.73
2022 102   12.01    4.64    9.26    0.00    0.00    0.00    7.64
2022 103   10.75    4.01    9.43    0.00    0.00    0.00    7.08
2022 104    9.94    2.08    8.84    0.00    0.00    0.00    6.21
2022 105    7.78    0.61    7.36    0.00    0.00    0.00    4.74
2022 106    6.06    0.69    6.86    0.00    0.00    0.00    4.00
2022 107    5.44    0.82    6.63    0.00    0.00    0.00    3.75
2022 108    5.21    0.67    6.61    0.00    0.00    0.00    3.63
2022 109    4.27    0.74    6.36    0.00    0.00    0.00    3.24
2022 110    4.10    0.42    5.67    0.00    0.00    0.00    2.94
2022 111    3.90    0.30    4.90    0.00    0.00    0.00    2.66
2022 112    3.63    0.13    4.60    0.00    0.00    0.00    2.45
2022 113    3.37    0.10    4.00    0.00    0.00    0.00    2.21
2022 114    3.19    0.08    2.98    0.00    0.00    0.00    1.89
2022 115    2.57    0.00    1.74    0.00    0.00    0.00    1.35
2022 116    2.28    0.00    1.73    0.00    0.00    0.00    1.24
2022 117    2.27    0.00    0.78    0.00    0.00    0.00    1.02
2022 118    1.86    0.00    0.48    0.00    0.00    0.00    0.80
2022 119    2.13    0.00    0.21    0.00    0.00    0.00    0.83
2022 120    2.07    0.00    0.11    0.00    0.00    0.00    0.78
2022 121    1.92    0.00    0.11    0.00    0.00    0.00    0.73
2022 122    1.52    0.00    0.00    0.00    0.00    0.00    0.56
2022 123    1.58    0.00    0.00    0.00    0.00    0.00    0.58
2022 124    1.56    0.00    0.00    0.00    0.00    0.00    0.57
2022 125    1.44    0.00    0.00    0.00    0.00    0.00    0.53
2022 126    1.38    0.00    0.00    0.00    0.00    0.00    0.51
2022 127    1.30    0.00    0.00    0.00    0.00    0.00    0.48
2022 128    1.28    0.00    0.00    0.00    0.00    0.00    0.47
2022 129    1.31    0.00    0.00    0.00    0.00    0.00    0.48
2022 130    1.09    0.00    0.00    0.00    0.00    0.00    0.40
2022 131    1.18    0.00    0.00    0.00    0.00    0.00    0.43
2022 132    1.18    0.00    0.00    0.00    0.00    0.00    0.43
2022 133    0.99    0.00    0.00    0.00    0.00    0.00    0.36
2022 134    0.66    0.00    0.00    0.00    0.00    0.00    0.24
2022 135    0.51    0.00    0.00    0.00    0.00    0.00    0.19
2022 136    0.45    0.00    0.00    0.00    0.00    0.00    0.16
2022 137    0.30    0.00    0.00    0.00    0.00    0.00    0.11
2022 138    0.01    0.00    0.00    0.00    0.00    0.00    0.00
2022 139    0.00    0.00    0.00    0.00    0.00    0.00    0.00
2022 140    0.00    0.00    0.00    0.00    0.00    0.00    0.00
2022 141    0.00    0.00    0.00    0.00    0.00    0.00    0.00
2022 142    0.00    0.00    0.00    0.00    0.00    0.00    0.00
