1 0.000000 0.000000 0.030000
2 0.000000 0.120000 0.030000
3 0.000000 0.120000 0.020000
4 0.020000 0.120000 0.020000
5 0.020000 0.180000 0.030000
6 0.020000 0.260000 0.480000
7 0.020000 0.190000 0.290000
8 0.020000 0.170000 0.290000
9 0.020000 0.030000 0.290000
10 0.010000 0.030000 0.220000
11 0.010000 0.030000 0.310000
12 0.140000 0.030000 0.310000
13 0.360000 0.030000 0.300000
14 0.410000 0.040000 0.200000
15 0.410000 0.040000 0.090000
16 0.800000 0.060000 0.040000
17 0.860000 0.050000 0.040000
18 2.130000 0.050000 0.010000
19 0.720000 0.050000 0.010000
20 0.160000 0.050000 0.060000
21 0.050000 0.050000 0.060000
22 0.050000 0.060000 0.000000
23 0.060000 0.100000 0.000000
24 0.060000 0.370000 0.010000
25 0.540000 0.260000 0.060000
26 0.250000 0.540000 0.060000
27 0.300000 0.470000 0.100000
28 1.530000 0.570000 1.070000
29 2.420000 0.630000 0.210000
30 1.890000 1.360000 0.170000
31 2.050000 1.360000 0.180000
32 2.010000 1.200000 0.050000
33 1.860000 2.290000 0.050000
34 1.850000 3.040000 0.020000
35 1.710000 4.040000 0.010000
36 2.520000 4.950000 0.010000
37 2.520000 5.870000 0.010000
38 2.890000 6.610000 0.030000
39 7.810000 7.150000 0.050000
40 6.040000 5.870000 0.050000
41 6.090000 4.450000 0.120000
42 7.290000 4.520000 1.030000
43 11.960000 4.450000 1.110000
44 16.490000 4.430000 1.360000
45 13.990000 4.590000 3.460000
46 11.290000 3.820000 2.030000
47 22.670000 3.920000 1.920000
48 14.020000 3.100000 2.370000
49 16.680000 3.200000 3.660000
50 21.500000 2.930000 4.720000
51 25.560000 3.250000 8.700000
52 26.960000 3.410000 5.360000
53 26.820000 3.540000 8.390000
54 26.680000 3.820000 13.320000
55 19.320000 4.370000 14.100000
56 29.700000 4.530000 17.610000
57 36.340000 10.430000 21.300000
58 33.750000 12.040000 19.190000
59 33.100000 11.580000 22.650000
60 33.940000 8.070000 18.680000
61 37.570000 7.410000 19.290000
62 48.560000 6.180000 16.860000
63 30.700000 8.240000 15.610000
64 41.440000 6.990000 15.400000
65 50.730000 10.000000 16.110000
66 50.510000 9.870000 13.360000
67 53.520000 8.020000 11.570000
68 39.710000 7.630000 11.110000
69 33.240000 8.920000 11.590000
70 31.040000 12.120000 10.460000
71 45.750000 9.960000 12.350000
72 58.110000 11.560000 13.520000
73 55.240000 16.380000 12.710000
74 37.830000 18.810000 13.780000
75 37.930000 17.950000 11.140000
76 38.200000 13.700000 9.970000
77 35.160000 22.760000 9.130000
78 26.540000 26.130000 6.690000
79 30.540000 24.600000 5.880000
80 54.760000 21.860000 6.040000
81 60.560000 18.420000 5.720000
82 62.390000 14.940000 9.970000
83 47.260000 14.800000 7.690000
84 40.370000 15.890000 8.160000
85 48.560000 17.390000 10.850000
86 46.910000 12.620000 12.110000
87 51.760000 13.260000 20.030000
88 39.940000 11.730000 18.930000
89 42.040000 10.580000 12.660000
90 53.250000 10.580000 11.360000
91 65.850000 14.650000 10.010000
92 65.740000 14.710000 15.950000
93 67.230000 16.440000 10.860000
94 43.920000 10.870000 9.970000
95 45.660000 10.880000 8.070000
96 57.690000 12.810000 7.840000
97 56.910000 23.270000 11.670000
98 59.950000 34.370000 12.110000
99 60.040000 34.320000 9.420000
100 56.970000 18.450000 7.990000
101 49.880000 23.880000 7.730000
102 37.350000 25.520000 5.760000
103 42.120000 24.280000 5.770000
104 32.390000 23.030000 5.140000
105 32.650000 24.940000 4.090000
106 36.960000 21.100000 3.680000
107 36.860000 20.140000 3.270000
108 39.060000 15.120000 3.040000
109 44.570000 14.280000 2.920000
110 54.000000 12.150000 2.910000
111 47.940000 12.350000 2.620000
112 38.120000 14.000000 2.360000
113 32.340000 9.650000 2.480000
114 29.920000 9.580000 1.160000
115 25.160000 14.490000 1.060000
116 23.250000 14.610000 0.860000
117 23.220000 17.230000 0.860000
118 23.430000 12.840000 1.350000
119 20.660000 10.750000 1.240000
120 20.450000 10.030000 1.450000
121 16.270000 13.120000 0.780000
122 15.600000 9.260000 0.550000
123 18.210000 8.650000 0.540000
124 18.910000 9.020000 0.420000
125 17.860000 8.440000 0.360000
126 16.590000 8.790000 0.360000
127 16.750000 8.430000 0.370000
128 16.560000 7.420000 0.310000
129 17.490000 7.690000 0.230000
130 14.880000 7.660000 0.020000
131 13.270000 7.240000 0.020000
132 13.420000 6.460000 0.000000
133 12.280000 6.420000 0.000000
134 11.780000 6.230000 0.000000
135 11.690000 6.650000 0.000000
136 9.760000 6.110000 0.000000
137 9.360000 5.980000 0.000000
138 9.260000 6.160000 0.000000
139 9.430000 6.000000 0.000000
140 8.840000 5.070000 0.000000
141 7.360000 4.650000 0.000000
142 6.860000 4.570000 0.000000
143 6.630000 4.650000 0.000000
144 6.610000 4.620000 0.000000
145 6.360000 4.470000 0.000000
146 5.670000 4.350000 0.000000
147 4.900000 4.180000 0.000000
148 4.600000 3.770000 0.000000
149 4.000000 3.860000 0.000000
150 2.980000 3.500000 0.000000
151 1.740000 3.070000 0.000000
152 1.730000 0.760000 0.000000
153 0.780000 0.640000 0.640000
154 0.480000 0.360000 0.360000
155 0.210000 0.370000 0.370000
156 0.110000 0.200000 0.200000
157 0.110000 0.200000 0.200000
158 0.000000 0.190000 0.190000
159 0.000000 0.120000 0.120000
160 0.000000 0.000000 0.000000
161 0.000000 0.000000 0.000000
162 0.000000 0.000000 0.000000
163 0.000000 0.000000 0.000000
164 0.000000 0.000000 0.000000
165 0.000000 0.000000 0.000000
166 0.000000 0.000000 0.000000
167 0.000000 0.000000 0.000000
168 0.000000 0.000000 0.000000
169 0.000000 0.000000 0.000000
170 0.000000 0.000000 0.000000
171 0.000000 0.000000 0.000000
172 0.000000 0.000000 0.000000
173 0.000000 0.000000 0.000000
174 0.000000 0.000000 0.000000
175 0.000000 0.000000 0.000000
176 0.000000 0.000000 0.000000
177 0.000000 0.000000 0.000000
178 0.000000 0.000000 0.000000
179 0.000000 0.000000 0.000000
180 0.000000 0.000000 0.000000
181 0.000000 0.000000 0.000000
182 0.000000 0.000000 0.000000
183 0.000000 0.000000 0.000000
184 0.000000 0.000000 0.000000
185 0.000000 0.000000 0.000000
