1 0.030000
2 0.030000
3 0.020000
4 0.020000
5 0.030000
6 0.480000
7 0.290000
8 0.290000
9 0.290000
10 0.220000
11 0.310000
12 0.310000
13 0.300000
14 0.200000
15 0.090000
16 0.040000
17 0.040000
18 0.010000
19 0.010000
20 0.060000
21 0.060000
22 0.000000
23 0.000000
24 0.010000
25 0.060000
26 0.060000
27 0.100000
28 1.070000
29 0.210000
30 0.170000
31 0.180000
32 0.050000
33 0.050000
34 0.020000
35 0.010000
36 0.010000
37 0.010000
38 0.030000
39 0.050000
40 0.050000
41 0.120000
42 1.030000
43 1.110000
44 1.360000
45 3.460000
46 2.030000
47 1.920000
48 2.370000
49 3.660000
50 4.720000
51 8.700000
52 5.360000
53 8.390000
54 13.320000
55 14.100000
56 17.610000
57 21.300000
58 19.190000
59 22.650000
60 18.680000
61 19.290000
62 16.860000
63 15.610000
64 15.400000
65 16.110000
66 13.360000
67 11.570000
68 11.110000
69 11.590000
70 10.460000
71 12.350000
72 13.520000
73 12.710000
74 13.780000
75 11.140000
76 9.970000
77 9.130000
78 6.690000
79 5.880000
80 6.040000
81 5.720000
82 9.970000
83 7.690000
84 8.160000
85 10.850000
86 12.110000
87 20.030000
88 18.930000
89 12.660000
90 11.360000
91 10.010000
92 15.950000
93 10.860000
94 9.970000
95 8.070000
96 7.840000
97 11.670000
98 12.110000
99 9.420000
100 7.990000
101 7.730000
102 5.760000
103 5.770000
104 5.140000
105 4.090000
106 3.680000
107 3.270000
108 3.040000
109 2.920000
110 2.910000
111 2.620000
112 2.360000
113 2.480000
114 1.160000
115 1.060000
116 0.860000
117 0.860000
118 1.350000
119 1.240000
120 1.450000
121 0.780000
122 0.550000
123 0.540000
124 0.420000
125 0.360000
126 0.360000
127 0.370000
128 0.310000
129 0.230000
130 0.020000
131 0.020000
132 0.000000
133 0.000000
134 0.000000
135 0.000000
136 0.000000
137 0.000000
138 0.000000
139 0.000000
140 0.000000
141 0.000000
142 0.000000
143 0.000000
144 0.000000
145 0.000000
146 0.000000
147 0.000000
148 0.000000
149 0.000000
150 0.000000
151 0.000000
152 0.000000
