1 0.000000
2 0.000000
3 0.000000
4 0.000000
5 0.190000
6 0.190000
7 0.190000
8 0.110000
9 0.170000
10 0.160000
11 0.130000
12 0.090000
13 0.040000
14 0.040000
15 0.020000
16 0.010000
17 0.010000
18 0.010000
19 0.010000
20 0.090000
21 0.070000
22 0.060000
23 0.080000
24 0.120000
25 0.300000
26 0.390000
27 0.370000
28 1.070000
29 0.150000
30 0.090000
31 0.030000
32 0.010000
33 0.010000
34 0.000000
35 0.000000
36 0.000000
37 0.000000
38 0.050000
39 0.040000
40 0.010000
41 0.260000
42 0.210000
43 0.810000
44 1.100000
45 0.760000
46 0.530000
47 0.390000
48 0.710000
49 0.570000
50 2.320000
51 3.150000
52 3.950000
53 7.740000
54 8.330000
55 10.010000
56 13.620000
57 16.550000
58 18.280000
59 17.390000
60 12.500000
61 11.090000
62 10.840000
63 10.080000
64 10.190000
65 9.800000
66 9.610000
67 7.940000
68 7.510000
69 6.410000
70 5.930000
71 7.370000
72 9.410000
73 7.870000
74 8.150000
75 7.620000
76 5.370000
77 4.510000
78 2.600000
79 2.620000
80 2.680000
81 2.880000
82 2.720000
83 3.020000
84 2.980000
85 4.490000
86 5.330000
87 10.880000
88 10.090000
89 7.400000
90 8.810000
91 7.730000
92 9.710000
93 6.030000
94 5.110000
95 5.360000
96 3.610000
97 7.740000
98 6.560000
99 3.790000
100 3.010000
101 4.980000
102 2.830000
103 1.740000
104 1.820000
105 0.570000
106 0.440000
107 0.110000
108 0.110000
109 0.100000
110 0.090000
111 0.070000
112 0.040000
113 0.010000
114 0.000000
115 0.000000
116 0.000000
117 0.000000
118 0.070000
119 0.000000
120 0.000000
121 0.000000
122 0.000000
123 0.000000
124 0.000000
125 0.000000
126 0.000000
127 0.000000
128 0.000000
129 0.000000
130 0.000000
131 0.000000
132 0.000000
133 0.000000
134 0.000000
135 0.000000
136 0.000000
137 0.000000
138 0.000000
139 0.000000
140 0.000000
141 0.000000
142 0.000000
143 0.000000
144 0.000000
145 0.000000
146 0.000000
147 0.000000
148 0.000000
149 0.000000
150 0.000000
151 0.000000
152 0.000000
