1 0.000000 0.000000 0.000000
2 0.000000 0.000000 0.000000
3 0.000000 0.000000 0.000000
4 0.000000 0.000000 0.000000
5 0.000000 0.100000 0.190000
6 0.000000 0.000000 0.190000
7 0.000000 0.010000 0.190000
8 0.000000 0.000000 0.110000
9 0.020000 0.000000 0.170000
10 0.190000 0.000000 0.160000
11 0.420000 0.000000 0.130000
12 0.030000 0.000000 0.090000
13 0.620000 0.000000 0.040000
14 0.390000 0.000000 0.040000
15 0.390000 0.000000 0.020000
16 0.390000 0.030000 0.010000
17 0.420000 0.250000 0.010000
18 0.410000 0.250000 0.010000
19 0.410000 0.180000 0.010000
20 0.380000 0.220000 0.090000
21 0.070000 0.210000 0.070000
22 0.040000 0.200000 0.060000
23 0.130000 0.230000 0.080000
24 0.170000 0.210000 0.120000
25 0.230000 0.120000 0.300000
26 0.880000 0.100000 0.390000
27 0.900000 0.060000 0.370000
28 1.170000 0.070000 1.070000
29 1.630000 0.130000 0.150000
30 1.720000 0.180000 0.090000
31 1.820000 0.120000 0.030000
32 1.680000 1.090000 0.010000
33 1.540000 1.200000 0.010000
34 1.530000 2.340000 0.000000
35 2.480000 3.000000 0.000000
36 2.650000 4.220000 0.000000
37 3.230000 6.670000 0.000000
38 3.430000 7.550000 0.050000
39 7.310000 6.600000 0.040000
40 3.260000 5.450000 0.010000
41 3.760000 3.530000 0.260000
42 5.330000 2.740000 0.210000
43 9.140000 3.100000 0.810000
44 10.350000 3.010000 1.100000
45 6.600000 2.480000 0.760000
46 8.380000 2.640000 0.530000
47 15.220000 2.970000 0.390000
48 10.400000 2.760000 0.710000
49 13.290000 2.660000 0.570000
50 13.350000 2.730000 2.320000
51 14.180000 3.150000 3.150000
52 13.710000 4.000000 3.950000
53 14.820000 3.980000 7.740000
54 16.790000 3.390000 8.330000
55 12.500000 3.450000 10.010000
56 15.470000 3.240000 13.620000
57 20.210000 6.710000 16.550000
58 17.300000 5.160000 18.280000
59 19.290000 2.860000 17.390000
60 20.380000 2.610000 12.500000
61 20.550000 3.500000 11.090000
62 24.480000 3.060000 10.840000
63 21.260000 4.580000 10.080000
64 26.970000 6.810000 10.190000
65 32.020000 7.770000 9.800000
66 33.350000 9.320000 9.610000
67 30.670000 6.450000 7.940000
68 24.780000 6.630000 7.510000
69 13.930000 6.190000 6.410000
70 24.350000 7.710000 5.930000
71 24.150000 8.330000 7.370000
72 29.080000 10.090000 9.410000
73 24.360000 11.030000 7.870000
74 17.630000 13.910000 8.150000
75 26.720000 12.720000 7.620000
76 17.510000 11.870000 5.370000
77 14.200000 16.040000 4.510000
78 13.240000 21.510000 2.600000
79 16.740000 14.350000 2.620000
80 30.360000 14.700000 2.680000
81 37.470000 10.490000 2.880000
82 37.440000 9.880000 2.720000
83 23.640000 9.610000 3.020000
84 17.590000 11.200000 2.980000
85 27.060000 10.070000 4.490000
86 25.970000 7.560000 5.330000
87 23.750000 8.370000 10.880000
88 21.990000 7.980000 10.090000
89 25.500000 7.260000 7.400000
90 28.030000 6.990000 8.810000
91 28.200000 8.110000 7.730000
92 29.790000 9.270000 9.710000
93 33.110000 8.400000 6.030000
94 19.910000 6.980000 5.110000
95 19.450000 6.210000 5.360000
96 18.050000 10.450000 3.610000
97 19.830000 11.750000 7.740000
98 24.240000 16.080000 6.560000
99 21.630000 16.040000 3.790000
100 24.100000 11.070000 3.010000
101 18.090000 10.320000 4.980000
102 17.490000 11.380000 2.830000
103 17.360000 11.320000 1.740000
104 15.180000 10.700000 1.820000
105 16.300000 14.630000 0.570000
106 17.150000 11.790000 0.440000
107 15.180000 12.150000 0.110000
108 15.220000 9.550000 0.110000
109 19.680000 9.240000 0.100000
110 22.420000 8.890000 0.090000
111 19.830000 9.030000 0.070000
112 15.830000 9.980000 0.040000
113 15.520000 6.280000 0.010000
114 14.620000 5.890000 0.000000
115 14.640000 5.690000 0.000000
116 14.180000 8.830000 0.000000
117 14.190000 7.690000 0.000000
118 12.770000 6.270000 0.070000
119 12.030000 6.210000 0.000000
120 11.780000 6.890000 0.000000
121 9.520000 7.110000 0.000000
122 10.900000 5.910000 0.000000
123 10.330000 7.290000 0.000000
124 14.880000 5.120000 0.000000
125 10.740000 5.620000 0.000000
126 12.170000 6.800000 0.000000
127 10.320000 4.510000 0.000000
128 10.870000 4.400000 0.000000
129 8.590000 4.760000 0.000000
130 7.210000 4.760000 0.000000
131 7.490000 3.580000 0.000000
132 7.970000 2.960000 0.000000
133 6.840000 2.760000 0.000000
134 6.590000 2.990000 0.000000
135 5.330000 1.770000 0.000000
136 4.310000 1.360000 0.000000
137 5.490000 1.430000 0.000000
138 4.640000 1.510000 0.000000
139 4.010000 0.360000 0.000000
140 2.080000 0.260000 0.000000
141 0.610000 0.260000 0.000000
142 0.690000 0.380000 0.000000
143 0.820000 0.220000 0.000000
144 0.670000 0.100000 0.000000
145 0.740000 0.080000 0.000000
146 0.420000 0.070000 0.000000
147 0.300000 0.060000 0.000000
148 0.130000 0.050000 0.000000
149 0.100000 0.050000 0.000000
150 0.080000 0.000000 0.000000
151 0.000000 0.000000 0.000000
152 0.000000 0.000000 0.000000
153 0.000000 0.000000 0.000000
154 0.000000 0.000000 0.000000
155 0.000000 0.000000 0.000000
156 0.000000 0.000000 0.000000
157 0.000000 0.000000 0.000000
158 0.000000 0.000000 0.000000
159 0.000000 0.000000 0.000000
160 0.000000 0.000000 0.000000
161 0.000000 0.000000 0.000000
162 0.000000 0.000000 0.000000
163 0.000000 0.000000 0.000000
164 0.000000 0.000000 0.000000
165 0.000000 0.000000 0.000000
166 0.000000 0.000000 0.000000
167 0.000000 0.000000 0.000000
168 0.000000 0.000000 0.000000
169 0.000000 0.000000 0.000000
170 0.000000 0.000000 0.000000
171 0.000000 0.000000 0.000000
172 0.000000 0.000000 0.000000
173 0.000000 0.000000 0.000000
174 0.000000 0.000000 0.000000
175 0.000000 0.000000 0.000000
176 0.000000 0.000000 0.000000
177 0.000000 0.000000 0.000000
178 0.000000 0.000000 0.000000
179 0.000000 0.000000 0.000000
180 0.000000 0.000000 0.000000
181 0.000000 0.000000 0.000000
182 0.000000 0.000000 0.000000
183 0.000000 0.000000 0.000000
184 0.000000 0.000000 0.000000
185 0.000000 0.000000 0.000000
