1 0.000000
2 0.000000
3 0.000000
4 0.000000
5 0.000000
6 0.010000
7 0.010000
8 0.000000
9 0.000000
10 0.000000
11 0.000000
12 0.000000
13 0.000000
14 0.000000
15 0.000000
16 0.000000
17 0.000000
18 0.000000
19 0.000000
20 0.000000
21 0.000000
22 0.000000
23 0.000000
24 0.000000
25 0.000000
26 0.000000
27 0.000000
28 0.550000
29 0.280000
30 0.250000
31 0.250000
32 0.040000
33 0.040000
34 0.000000
35 0.000000
36 0.000000
37 0.000000
38 0.000000
39 0.000000
40 0.000000
41 0.130000
42 0.130000
43 0.350000
44 0.850000
45 0.910000
46 0.910000
47 0.700000
48 0.490000
49 0.540000
50 0.540000
51 0.950000
52 0.930000
53 1.910000
54 1.720000
55 1.850000
56 2.880000
57 2.740000
58 4.790000
59 5.300000
60 2.440000
61 2.570000
62 2.010000
63 1.250000
64 1.400000
65 1.440000
66 1.360000
67 1.530000
68 1.450000
69 1.430000
70 1.430000
71 1.400000
72 1.980000
73 1.410000
74 1.410000
75 1.340000
76 1.390000
77 1.350000
78 1.190000
79 1.070000
80 0.840000
81 0.840000
82 0.840000
83 0.580000
84 0.910000
85 0.910000
86 0.910000
87 2.320000
88 1.200000
89 1.140000
90 0.720000
91 0.620000
92 0.590000
93 0.570000
94 0.450000
95 0.370000
96 0.360000
97 0.360000
98 0.360000
99 0.070000
100 0.040000
101 0.040000
102 0.040000
103 0.000000
104 0.000000
105 0.000000
106 0.000000
107 0.000000
108 0.000000
109 0.000000
110 0.000000
111 0.000000
112 0.000000
113 0.000000
114 0.000000
115 0.000000
116 0.000000
117 0.000000
118 0.000000
119 0.000000
120 0.000000
121 0.000000
122 0.000000
123 0.000000
124 0.000000
125 0.000000
126 0.000000
127 0.000000
128 0.000000
129 0.000000
130 0.000000
131 0.000000
132 0.000000
133 0.000000
134 0.000000
135 0.000000
136 0.000000
137 0.000000
138 0.000000
139 0.000000
140 0.000000
141 0.000000
142 0.000000
143 0.000000
144 0.000000
145 0.000000
146 0.000000
147 0.000000
148 0.000000
149 0.000000
150 0.000000
151 0.000000
152 0.000000
