1 0.000000 0.000000 0.000000
2 0.000000 0.000000 0.000000
3 0.000000 0.000000 0.000000
4 0.000000 0.000000 0.000000
5 0.000000 0.000000 0.000000
6 0.000000 0.000000 0.010000
7 0.000000 0.000000 0.010000
8 0.000000 0.000000 0.000000
9 0.000000 0.000000 0.000000
10 0.000000 0.000000 0.000000
11 0.000000 0.000000 0.000000
12 0.000000 0.000000 0.000000
13 0.000000 0.000000 0.000000
14 0.000000 0.000000 0.000000
15 0.000000 0.000000 0.000000
16 0.000000 0.000000 0.000000
17 0.000000 0.000000 0.000000
18 0.000000 0.000000 0.000000
19 0.000000 0.000000 0.000000
20 0.000000 0.000000 0.000000
21 0.000000 0.000000 0.000000
22 0.000000 0.000000 0.000000
23 0.000000 0.000000 0.000000
24 0.000000 0.000000 0.000000
25 0.000000 0.000000 0.000000
26 0.000000 0.350000 0.000000
27 0.010000 0.510000 0.000000
28 0.030000 0.440000 0.550000
29 0.650000 0.440000 0.280000
30 0.650000 0.450000 0.250000
31 0.370000 0.520000 0.250000
32 0.370000 0.620000 0.040000
33 0.380000 0.650000 0.040000
34 0.380000 0.640000 0.000000
35 0.370000 0.660000 0.000000
36 0.370000 0.920000 0.000000
37 2.920000 1.780000 0.000000
38 1.020000 1.660000 0.000000
39 0.710000 2.060000 0.000000
40 0.700000 1.180000 0.000000
41 1.480000 1.080000 0.130000
42 1.650000 1.230000 0.130000
43 0.850000 0.950000 0.350000
44 1.960000 0.930000 0.850000
45 1.300000 0.930000 0.910000
46 2.450000 0.970000 0.910000
47 4.320000 0.950000 0.700000
48 3.030000 0.920000 0.490000
49 2.180000 0.720000 0.540000
50 2.200000 0.600000 0.540000
51 4.010000 1.360000 0.950000
52 8.400000 1.290000 0.930000
53 6.750000 1.100000 1.910000
54 4.250000 0.730000 1.720000
55 3.870000 0.830000 1.850000
56 3.360000 0.830000 2.880000
57 8.090000 0.790000 2.740000
58 18.130000 1.080000 4.790000
59 7.690000 1.960000 5.300000
60 11.370000 2.030000 2.440000
61 8.980000 1.630000 2.570000
62 17.030000 1.490000 2.010000
63 18.280000 1.350000 1.250000
64 11.840000 1.370000 1.400000
65 20.650000 1.370000 1.440000
66 27.870000 1.330000 1.360000
67 27.490000 1.340000 1.530000
68 22.360000 1.340000 1.450000
69 9.880000 1.290000 1.430000
70 9.720000 1.820000 1.430000
71 10.420000 1.580000 1.400000
72 24.080000 1.380000 1.980000
73 29.430000 1.150000 1.410000
74 20.360000 1.450000 1.410000
75 10.440000 2.310000 1.340000
76 8.570000 2.310000 1.390000
77 6.880000 5.490000 1.350000
78 6.720000 16.380000 1.190000
79 6.290000 10.650000 1.070000
80 13.860000 10.660000 0.840000
81 22.900000 5.690000 0.840000
82 21.510000 3.530000 0.840000
83 14.350000 3.160000 0.580000
84 6.170000 4.260000 0.910000
85 6.980000 2.040000 0.910000
86 7.770000 1.640000 0.910000
87 6.930000 2.460000 2.320000
88 5.620000 1.530000 1.200000
89 9.120000 1.620000 1.140000
90 8.850000 1.550000 0.720000
91 11.850000 1.070000 0.620000
92 15.990000 1.060000 0.590000
93 22.630000 1.060000 0.570000
94 9.370000 0.960000 0.450000
95 7.790000 0.950000 0.370000
96 18.770000 0.890000 0.360000
97 14.190000 0.890000 0.360000
98 13.130000 7.480000 0.360000
99 10.120000 6.500000 0.070000
100 11.330000 3.430000 0.040000
101 9.290000 2.660000 0.040000
102 7.880000 3.450000 0.040000
103 6.450000 4.130000 0.000000
104 5.380000 4.130000 0.000000
105 5.450000 4.600000 0.000000
106 5.130000 6.480000 0.000000
107 5.810000 5.030000 0.000000
108 5.990000 3.220000 0.000000
109 5.100000 2.870000 0.000000
110 5.310000 2.670000 0.000000
111 5.660000 2.360000 0.000000
112 6.150000 2.350000 0.000000
113 5.880000 2.190000 0.000000
114 5.050000 5.770000 0.000000
115 5.700000 2.600000 0.000000
116 3.370000 2.590000 0.000000
117 3.500000 1.860000 0.000000
118 3.400000 1.710000 0.000000
119 3.900000 1.740000 0.000000
120 1.940000 1.980000 0.000000
121 1.350000 1.730000 0.000000
122 1.470000 0.930000 0.000000
123 1.290000 1.000000 0.000000
124 0.950000 0.800000 0.000000
125 0.990000 0.700000 0.000000
126 0.530000 0.700000 0.000000
127 0.440000 0.630000 0.000000
128 0.440000 0.630000 0.000000
129 0.440000 0.530000 0.000000
130 0.300000 0.210000 0.000000
131 0.220000 0.210000 0.000000
132 0.000000 0.050000 0.000000
133 0.000000 0.050000 0.000000
134 0.000000 0.050000 0.000000
135 0.000000 0.000000 0.000000
136 0.000000 0.000000 0.000000
137 0.000000 0.000000 0.000000
138 0.000000 0.000000 0.000000
139 0.000000 0.000000 0.000000
140 0.000000 0.000000 0.000000
141 0.000000 0.000000 0.000000
142 0.000000 0.000000 0.000000
143 0.000000 0.000000 0.000000
144 0.000000 0.000000 0.000000
145 0.000000 0.000000 0.000000
146 0.000000 0.000000 0.000000
147 0.000000 0.000000 0.000000
148 0.000000 0.000000 0.000000
149 0.000000 0.000000 0.000000
150 0.000000 0.000000 0.000000
151 0.000000 0.000000 0.000000
152 0.000000 0.000000 0.000000
153 0.000000 0.000000 0.000000
154 0.000000 0.000000 0.000000
155 0.000000 0.000000 0.000000
156 0.000000 0.000000 0.000000
157 0.000000 0.000000 0.000000
158 0.000000 0.000000 0.000000
159 0.000000 0.000000 0.000000
160 0.000000 0.000000 0.000000
161 0.000000 0.000000 0.000000
162 0.000000 0.000000 0.000000
163 0.000000 0.000000 0.000000
164 0.000000 0.000000 0.000000
165 0.000000 0.000000 0.000000
166 0.000000 0.000000 0.000000
167 0.000000 0.000000 0.000000
168 0.000000 0.000000 0.000000
169 0.000000 0.000000 0.000000
170 0.000000 0.000000 0.000000
171 0.000000 0.000000 0.000000
172 0.000000 0.000000 0.000000
173 0.000000 0.000000 0.000000
174 0.000000 0.000000 0.000000
175 0.000000 0.000000 0.000000
176 0.000000 0.000000 0.000000
177 0.000000 0.000000 0.000000
178 0.000000 0.000000 0.000000
179 0.000000 0.000000 0.000000
180 0.000000 0.000000 0.000000
181 0.000000 0.000000 0.000000
182 0.000000 0.000000 0.000000
183 0.000000 0.000000 0.000000
184 0.000000 0.000000 0.000000
185 0.000000 0.000000 0.000000
