1 0.000000 0.000000 0.000000
2 0.000000 0.000000 0.000000
3 0.000000 0.000000 0.000000
4 0.000000 0.830000 0.000000
5 0.000000 0.730000 0.070000
6 0.000000 1.100000 0.070000
7 0.000000 1.480000 0.310000
8 0.000000 1.130000 0.170000
9 0.000000 0.000000 0.070000
10 0.000000 0.000000 0.000000
11 0.000000 0.000000 0.000000
12 0.000000 0.000000 0.000000
13 0.000000 0.000000 0.000000
14 0.000000 0.000000 0.000000
15 0.000000 0.000000 0.000000
16 0.000000 0.000000 0.000000
17 0.000000 0.000000 0.000000
18 0.000000 0.000000 0.000000
19 0.000000 0.000000 0.000000
20 0.000000 0.000000 0.000000
21 0.000000 0.000000 0.000000
22 0.000000 0.000000 0.000000
23 0.000000 0.000000 0.000000
24 0.000000 0.000000 0.000000
25 0.000000 0.000000 0.000000
26 0.000000 0.000000 0.000000
27 0.000000 0.000000 0.000000
28 0.800000 0.000000 0.210000
29 1.740000 0.000000 0.000000
30 1.740000 0.000000 0.000000
31 0.000000 0.000000 0.000000
32 0.000000 3.290000 0.000000
33 0.000000 2.710000 0.000000
34 0.000000 1.600000 0.000000
35 0.000000 2.540000 0.000000
36 0.000000 90.000000 0.000000
37 0.000000 93.200000 0.000000
38 0.000000 95.000000 0.000000
39 0.000000 95.000000 0.000000
40 2.430000 95.000000 0.000000
41 2.430000 80.790000 0.000000
42 10.730000 80.130000 0.000000
43 58.370000 79.610000 0.000000
44 81.840000 69.910000 0.000000
45 81.840000 62.730000 0.000000
46 85.910000 57.860000 0.000000
47 90.000000 57.860000 0.000000
48 90.000000 43.860000 0.000000
49 90.000000 13.710000 0.000000
50 60.420000 8.430000 0.000000
51 72.870000 8.590000 8.820000
52 89.630000 9.290000 70.160000
53 83.850000 3.760000 94.070000
54 86.570000 3.270000 94.370000
55 66.570000 3.270000 94.150000
56 84.170000 0.000000 93.720000
57 93.010000 1.320000 93.820000
58 93.500000 38.050000 96.100000
59 95.000000 60.570000 97.150000
60 95.000000 0.210000 97.150000
61 95.000000 0.100000 96.930000
62 95.000000 0.000000 93.760000
63 95.000000 0.000000 85.770000
64 96.660000 0.000000 91.000000
65 96.660000 0.000000 74.320000
66 96.660000 0.000000 54.780000
67 99.160000 0.000000 55.170000
68 98.970000 0.000000 46.490000
69 98.970000 0.000000 48.050000
70 98.130000 0.970000 47.960000
71 99.590000 1.810000 27.500000
72 99.040000 0.900000 28.550000
73 97.540000 4.170000 24.910000
74 97.550000 50.770000 20.750000
75 97.450000 60.420000 25.500000
76 97.450000 71.960000 22.900000
77 97.450000 88.090000 10.230000
78 97.450000 93.210000 0.540000
79 97.450000 94.620000 0.000000
80 97.450000 92.000000 0.000000
81 97.450000 71.980000 0.000000
82 99.320000 65.580000 0.000000
83 99.450000 65.580000 0.000000
84 99.420000 49.600000 0.000000
85 97.670000 19.980000 0.380000
86 94.870000 6.540000 24.610000
87 93.390000 6.540000 26.960000
88 87.650000 4.090000 15.200000
89 87.580000 0.710000 1.740000
90 85.430000 0.000000 1.220000
91 95.460000 0.000000 1.220000
92 91.100000 8.160000 1.220000
93 91.170000 2.090000 1.220000
94 69.200000 0.000000 0.000000
95 94.670000 0.000000 0.000000
96 94.850000 0.000000 0.000000
97 88.280000 0.000000 0.000000
98 80.790000 2.260000 0.000000
99 82.200000 3.580000 0.000000
100 76.820000 0.000000 0.000000
101 76.820000 0.000000 0.000000
102 72.280000 0.000000 0.000000
103 47.970000 0.000000 0.000000
104 45.620000 0.000000 0.000000
105 40.430000 0.000000 0.000000
106 43.530000 0.000000 0.000000
107 45.860000 0.000000 0.000000
108 76.880000 0.000000 0.000000
109 77.270000 0.000000 0.000000
110 61.520000 0.000000 0.000000
111 61.520000 0.000000 0.000000
112 50.080000 0.000000 0.000000
113 34.460000 0.000000 0.000000
114 10.520000 0.000000 0.000000
115 0.000000 0.000000 0.000000
116 0.000000 0.000000 0.000000
117 0.000000 0.000000 0.000000
118 0.000000 0.000000 0.000000
119 0.000000 0.000000 0.000000
120 0.000000 0.000000 0.000000
121 0.000000 3.830000 0.000000
122 0.000000 3.200000 0.000000
123 0.000000 0.000000 0.000000
124 0.000000 0.000000 0.000000
125 0.000000 0.000000 0.000000
126 0.000000 0.000000 0.000000
127 0.000000 0.000000 0.000000
128 0.000000 0.000000 0.000000
129 0.000000 0.000000 0.000000
130 0.000000 0.000000 0.000000
131 0.000000 0.000000 0.000000
132 0.000000 0.000000 0.000000
133 0.000000 0.000000 0.000000
134 0.000000 0.000000 0.000000
135 0.000000 0.000000 0.000000
136 0.000000 0.000000 0.000000
137 0.000000 0.000000 0.000000
138 0.000000 0.000000 0.000000
139 0.000000 0.000000 0.000000
140 0.000000 0.000000 0.000000
141 0.000000 0.000000 0.000000
142 0.000000 0.000000 0.000000
143 0.000000 0.000000 0.000000
144 0.000000 0.000000 0.000000
145 0.000000 0.000000 0.000000
146 0.000000 0.000000 0.000000
147 0.000000 0.000000 0.000000
148 0.000000 0.000000 0.000000
149 0.000000 0.000000 0.000000
150 0.000000 0.000000 0.000000
151 0.000000 0.000000 0.000000
152 0.000000 0.000000 0.000000
153 0.000000 0.000000 0.000000
154 0.000000 0.000000 0.000000
155 0.000000 0.000000 0.000000
156 0.000000 0.000000 0.000000
157 0.000000 0.000000 0.000000
158 0.000000 0.000000 0.000000
159 0.000000 0.000000 0.000000
160 0.000000 0.000000 0.000000
161 0.000000 0.000000 0.000000
162 0.000000 0.000000 0.000000
163 0.000000 0.000000 0.000000
164 0.000000 0.000000 0.000000
165 0.000000 0.000000 0.000000
166 0.000000 0.000000 0.000000
167 0.000000 0.000000 0.000000
168 0.000000 0.000000 0.000000
169 0.000000 0.000000 0.000000
170 0.000000 0.000000 0.000000
171 0.000000 0.000000 0.000000
172 0.000000 0.000000 0.000000
173 0.000000 0.000000 0.000000
174 0.000000 0.000000 0.000000
175 0.000000 0.000000 0.000000
176 0.000000 0.000000 0.000000
177 0.000000 0.000000 0.000000
178 0.000000 0.000000 0.000000
179 0.000000 0.000000 0.000000
180 0.000000 0.000000 0.000000
181 0.000000 0.000000 0.000000
182 0.000000 0.000000 0.000000
183 0.000000 0.000000 0.000000
184 0.000000 0.000000 0.000000
185 0.000000 0.000000 0.000000
