1 0.060000
2 0.190000
3 0.110000
4 0.310000
5 0.410000
6 0.390000
7 0.700000
8 0.700000
9 0.690000
10 0.800000
11 0.550000
12 0.520000
13 0.480000
14 0.440000
15 0.370000
16 0.350000
17 0.350000
18 0.340000
19 0.350000
20 0.820000
21 0.640000
22 0.500000
23 0.500000
24 0.490000
25 0.790000
26 0.760000
27 0.870000
28 1.890000
29 0.860000
30 0.740000
31 0.780000
32 0.580000
33 0.500000
34 0.470000
35 0.500000
36 0.460000
37 0.440000
38 0.910000
39 0.920000
40 0.840000
41 0.900000
42 1.090000
43 1.430000
44 1.380000
45 1.650000
46 1.360000
47 1.290000
48 1.270000
49 1.300000
50 1.830000
51 1.940000
52 3.040000
53 4.040000
54 4.750000
55 5.070000
56 6.590000
57 5.190000
58 6.020000
59 7.090000
60 5.520000
61 5.620000
62 4.350000
63 3.980000
64 4.200000
65 3.880000
66 3.380000
67 2.960000
68 2.770000
69 2.670000
70 3.370000
71 5.030000
72 4.710000
73 3.120000
74 2.800000
75 2.610000
76 2.310000
77 1.930000
78 1.790000
79 1.670000
80 2.270000
81 2.310000
82 2.670000
83 2.130000
84 2.160000
85 2.210000
86 2.640000
87 11.950000
88 4.190000
89 3.270000
90 3.700000
91 2.760000
92 3.770000
93 2.480000
94 2.020000
95 1.870000
96 1.740000
97 3.990000
98 5.090000
99 3.050000
100 2.390000
101 2.090000
102 1.850000
103 1.800000
104 1.550000
105 1.400000
106 1.490000
107 1.270000
108 1.260000
109 1.260000
110 1.250000
111 1.200000
112 1.210000
113 1.090000
114 0.960000
115 0.960000
116 0.970000
117 1.690000
118 2.290000
119 1.510000
120 2.190000
121 1.350000
122 1.130000
123 1.180000
124 1.400000
125 1.170000
126 1.000000
127 0.940000
128 0.910000
129 0.900000
130 0.970000
131 0.920000
132 0.820000
133 0.840000
134 0.850000
135 0.810000
136 0.750000
137 0.740000
138 0.750000
139 0.800000
140 0.500000
141 0.610000
142 0.660000
143 0.330000
144 0.120000
145 0.100000
146 0.120000
147 0.030000
148 0.000000
149 0.000000
150 0.000000
151 0.000000
152 0.000000
