1 0.010000 0.510000 0.060000
2 0.170000 0.130000 0.190000
3 0.120000 0.250000 0.110000
4 0.130000 0.180000 0.310000
5 0.210000 0.270000 0.410000
6 0.230000 0.260000 0.390000
7 0.130000 0.270000 0.700000
8 0.160000 0.290000 0.700000
9 0.380000 0.200000 0.690000
10 0.530000 0.270000 0.800000
11 0.510000 0.220000 0.550000
12 0.600000 0.110000 0.520000
13 0.880000 0.210000 0.480000
14 0.850000 0.340000 0.440000
15 0.960000 0.290000 0.370000
16 1.020000 0.360000 0.350000
17 1.060000 0.540000 0.350000
18 1.050000 0.540000 0.340000
19 0.970000 0.830000 0.350000
20 0.920000 1.030000 0.820000
21 0.790000 1.020000 0.640000
22 0.720000 1.060000 0.500000
23 0.760000 1.040000 0.500000
24 0.740000 1.070000 0.490000
25 0.940000 0.970000 0.790000
26 1.030000 0.990000 0.760000
27 1.310000 0.940000 0.870000
28 1.460000 0.960000 1.890000
29 1.640000 0.980000 0.860000
30 1.570000 0.970000 0.740000
31 1.420000 0.960000 0.780000
32 1.420000 1.120000 0.580000
33 1.450000 1.450000 0.500000
34 1.390000 2.260000 0.470000
35 2.110000 1.770000 0.500000
36 2.120000 2.110000 0.460000
37 2.200000 2.550000 0.440000
38 2.210000 2.770000 0.910000
39 4.390000 2.790000 0.920000
40 3.510000 3.640000 0.840000
41 2.750000 3.590000 0.900000
42 2.400000 2.020000 1.090000
43 4.440000 2.360000 1.430000
44 6.800000 2.670000 1.380000
45 3.360000 2.220000 1.650000
46 3.370000 2.070000 1.360000
47 7.080000 1.800000 1.290000
48 5.940000 1.720000 1.270000
49 6.910000 3.240000 1.300000
50 5.540000 3.710000 1.830000
51 9.530000 3.790000 1.940000
52 8.090000 3.500000 3.040000
53 5.310000 2.540000 4.040000
54 6.480000 2.610000 4.750000
55 5.780000 2.440000 5.070000
56 8.280000 2.210000 6.590000
57 12.530000 3.730000 5.190000
58 13.760000 3.280000 6.020000
59 9.540000 2.700000 7.090000
60 11.290000 2.330000 5.520000
61 12.830000 1.970000 5.620000
62 17.280000 1.930000 4.350000
63 11.080000 3.010000 3.980000
64 13.830000 2.750000 4.200000
65 17.940000 3.700000 3.880000
66 24.220000 4.310000 3.380000
67 24.970000 2.850000 2.960000
68 19.500000 3.260000 2.770000
69 10.310000 2.880000 2.670000
70 16.400000 5.260000 3.370000
71 26.940000 4.630000 5.030000
72 36.640000 5.990000 4.710000
73 34.340000 6.270000 3.120000
74 18.330000 8.210000 2.800000
75 25.730000 9.190000 2.610000
76 25.400000 8.790000 2.310000
77 15.930000 8.260000 1.930000
78 19.830000 15.060000 1.790000
79 18.400000 14.540000 1.670000
80 37.950000 14.040000 2.270000
81 45.680000 11.080000 2.310000
82 43.620000 7.850000 2.670000
83 37.690000 7.980000 2.130000
84 32.430000 5.770000 2.160000
85 41.480000 7.750000 2.210000
86 36.160000 5.460000 2.640000
87 35.840000 5.380000 11.950000
88 30.650000 4.860000 4.190000
89 38.940000 4.680000 3.270000
90 41.010000 4.240000 3.700000
91 53.670000 7.970000 2.760000
92 63.870000 9.460000 3.770000
93 63.140000 9.750000 2.480000
94 43.490000 6.000000 2.020000
95 48.350000 7.290000 1.870000
96 59.020000 7.870000 1.740000
97 55.200000 8.400000 3.990000
98 64.150000 19.830000 5.090000
99 62.210000 19.340000 3.050000
100 63.380000 10.650000 2.390000
101 55.320000 12.280000 2.090000
102 51.570000 11.780000 1.850000
103 54.040000 11.240000 1.800000
104 45.740000 9.230000 1.550000
105 53.030000 15.440000 1.400000
106 57.880000 14.200000 1.490000
107 59.280000 14.010000 1.270000
108 60.820000 8.780000 1.260000
109 71.550000 8.710000 1.260000
110 79.550000 8.580000 1.250000
111 70.250000 7.140000 1.200000
112 63.770000 8.210000 1.210000
113 54.290000 5.690000 1.090000
114 52.250000 5.560000 0.960000
115 48.780000 5.510000 0.960000
116 49.360000 10.170000 0.970000
117 43.890000 7.680000 1.690000
118 34.650000 5.800000 2.290000
119 31.340000 5.430000 1.510000
120 36.100000 6.900000 2.190000
121 22.230000 7.360000 1.350000
122 23.020000 5.980000 1.130000
123 23.960000 5.240000 1.180000
124 37.130000 4.290000 1.400000
125 27.630000 4.720000 1.170000
126 24.580000 7.530000 1.000000
127 24.540000 5.870000 0.940000
128 23.010000 4.440000 0.910000
129 19.880000 5.000000 0.900000
130 15.420000 3.790000 0.970000
131 17.440000 3.140000 0.920000
132 18.610000 3.090000 0.820000
133 17.480000 3.020000 0.840000
134 13.290000 2.620000 0.850000
135 10.630000 2.830000 0.810000
136 9.700000 3.080000 0.750000
137 11.670000 3.250000 0.740000
138 12.010000 2.730000 0.750000
139 10.750000 2.640000 0.800000
140 9.940000 3.470000 0.500000
141 7.780000 5.390000 0.610000
142 6.060000 2.410000 0.660000
143 5.440000 2.630000 0.330000
144 5.210000 2.340000 0.120000
145 4.270000 2.110000 0.100000
146 4.100000 2.040000 0.120000
147 3.900000 1.940000 0.030000
148 3.630000 1.910000 0.000000
149 3.370000 1.730000 0.000000
150 3.190000 1.630000 0.000000
151 2.570000 1.430000 0.000000
152 2.280000 1.260000 0.000000
153 2.270000 1.260000 1.260000
154 1.860000 1.240000 1.240000
155 2.130000 1.220000 1.220000
156 2.070000 1.260000 1.260000
157 1.920000 1.140000 1.140000
158 1.520000 1.130000 1.130000
159 1.580000 1.130000 1.130000
160 1.560000 1.120000 1.120000
161 1.440000 1.100000 1.100000
162 1.380000 1.100000 1.100000
163 1.300000 1.080000 1.080000
164 1.280000 1.020000 1.020000
165 1.310000 1.000000 1.000000
166 1.090000 1.000000 1.000000
167 1.180000 1.000000 1.000000
168 1.180000 0.950000 0.950000
169 0.990000 0.940000 0.940000
170 0.660000 0.940000 0.940000
171 0.510000 0.930000 0.930000
172 0.450000 0.940000 0.940000
173 0.300000 0.930000 0.930000
174 0.010000 0.920000 0.920000
175 0.000000 0.840000 0.840000
176 0.000000 0.710000 0.710000
177 0.000000 0.530000 0.530000
178 0.000000 0.350000 0.350000
179 0.350000 0.050000 0.050000
180 0.050000 0.020000 0.020000
181 0.020000 0.000000 0.000000
182 0.000000 0.000000 0.000000
183 0.000000 0.000000 0.000000
184 0.000000 0.000000 0.000000
185 0.000000 0.000000 0.000000
